line_1
[weekday_forward]
4 57
5 01 04 08 13 16 20 24 27 30 33 36 39 42 46 49 53 56 59
6 02 05 08 11 13 15 18 21 23 26 28 31 33 35 37 40 42 45 48 51 54 56 58
7 00 02 04 06 08 10 12 14 16 18 20 22 24 26 28 30 32 34 36 38 40 42 44 46 48 50 52 54 56 58
8 01 04 06 08 10 13 16 18 20 22 25 28 30 32 34 37 40 42 45 48 52 55 59
9 03 05 08 12 14 17 20 24 26 30 32 36 38 42 44 48 50 54 56
10 00 02 06 08 12 14 18 24 30 36 42 48 54
11 00 06 12 18 24 30 36 42 48 54
12 00 06 12 18 24 30 36 42 48 54
13 00 06 12 18 24 30 36 42 48 54
14 00 06 12 18 24 30 36 42 48 54
15 00 06 12 18 24 30 36 40 46 48 51 53 55 58
16 00 02 05 07 09 12 14 16 19 21 23 26 28 30 33 35 37 40 43 46 49 51 54 56 58
17 00 02 05 08 10 12 15 17 19 21 24 26 28 30 33 36 39 41 43 45 47 50 52 54 57 59
18 01 04 06 08 11 13 15 18 20 22 25 27 29 32 34 36 39 41 43 46 48 50 53 55 57
19 01 04 07 10 14 17 21 24 28 31 35 38 42 45 49 52 56 59
20 03 06 10 13 17 20 24 27 31 34 38 41 45 47 52 56 59
21 03 06 10 13 16 20 23 27 30 34 37 41 44 48 51 55
22 02 09 17 25 33 41 51 57
23 04 11 18 25 33

[weekday_reverse]
5 09 18 28 36 42 50 58
6 06 14 18 28 32 37 40 43 47 49 54 58
7 01 04 06 10 14 18 20 22 27 30 32 34 38 40 44 49 52 56
8 00 02 04 08 10 12 18 20 23 27 29 32 35 39 43 46 51 54 56
9 00 05 10 14 19 24 29 32 36 41 44 48 53 56
10 00 05 08 13 19 25 31 37 43 49 55
11 01 07 13 19 25 31 37 43 49 55
12 01 07 13 19 25 31 37 43 49 55
13 01 07 13 19 25 31 37 43 49 55
14 01 07 13 21 25 32 39 46 53 56
15 00 07 14 21 28 34 37 41 48 56
16 02 10 13 17 24 31 38 45 48 55 59
17 06 12 16 19 21 23 26 28 30 33 35 37 40 42 44 47 49 51 54 56 58
18 01 05 08 10 14 17 19 24 28 34 38 45 49 52 56 59
19 03 06 10 14 17 20 23 25 30 33 36 40 43 47 51 53 57
20 01 05 07 12 14 18 22 25 29 32 36 39 45 51 57
21 03 08 15 21 27 33 39 46 53
22 00 07 13 19 26 33 40 47 55

line_2
[weekday_forward]
5 09 17 23 31 38 44 50 54 59
6 02 08 13 17 23 29 33 36 40 44 47 50 53 56 58
7 01 04 07 09 12 14 17 19 21 23 25 27 29 31 33 35 37 39 41 43 45 48 50 53 55 58
8 00 02 04 06 08 10 12 14 16 18 20 22 24 26 29 32 34 37 39 42 44 46 48 50 52 54 56 58
9 00 02 04 06 08 10 13 15 18 20 23 25 28 30 34 36 40 42 46 48 52 54 59
10 01 07 12 18 24 30 36 43 50 57
11 03 09 16 22 29 35 42 48 55
12 01 07 14 20 27 33 40 46 52 59
13 05 12 18 25 31 37 44 50 57
14 03 10 16 22 29 35 42 48 55
15 01 07 14 20 27 33 40 46 52 59
16 05 09 12 17 19 25 29 31 36 39 44 48 50 53 55 58
17 02 04 06 09 12 14 16 19 21 24 26 29 31 33 35 38 41 43 45 48 50 53 55 57
18 00 02 05 07 10 12 14 17 19 22 24 27 29 31 34 36 39 41 43 46 48 51 53 56 58
19 03 05 10 12 17 20 25 27 32 34 39 42 46 50 54 57
20 04 11 15 23 31 35 43 49 56
21 03 06 10 13 16 20 23 27 30 34 37 41 44 48 51 55
22 06 14 21 29 36 44 51 59

[weekday_reverse]
5 29 42 49 57
6 04 11 17 23 28 34 40 46 50 55 59
7 03 08 11 14 18 21 24 27 30 32 35 37 40 42 45 47 49 51 53 55 57 59
8 01 03 05 07 09 11 13 16 18 21 23 26 28 31 33 35 37 39 41 43 45 47 49 51 53 55 57 59
9 02 04 07 09 12 14 16 18 20 22 24 26 28 30 32 34 36 38 40 43 46 48 51 53 56 59
10 02 05 08 11 14 17 20 24 28 32 36 40 46 49 56
11 02 09 15 21 28 34 41 47 54
12 00 07 13 19 26 32 39 45 52 58
13 04 11 17 24 30 37 43 49 56
14 02 09 15 22 28 34 41 47 54
15 00 07 13 20 26 32 39 45 52 58
16 05 11 17 24 30 37 43 47 50 54 56
17 00 03 06 09 12 15 18 21 24 27 30 32 35 38 40 42 45 47 50 52 54 57 59
18 02 04 07 09 11 14 16 19 21 23 26 28 31 33 36 38 40 43 45 48 50 52 55 57
19 00 02 05 07 09 12 14 17 19 21 24 26 29 31 34 36 38 41 44 46 50 54 57
20 00 02 06 13 16 18 21 24 27 31 35 39 42 47 51 58 
21 04 11 17 23 30 36 43 49 56
22 02 09 15 22 28 35 42 49 57
23 05 13 20 27 34 41



line_3
[weekday_forward]
4 57
5 01 04 08 13 16 20 24 27 30 33 36 39 42 46 49 53 56 59
6 02 05 08 11 13 15 18 21 23 26 28 31 33 35 37 40 42 45 48 51 54 56 58
7 00 02 04 06 08 10 12 14 16 18 20 22 24 26 28 30 32 34 36 38 40 42 44 46 48 50 52 54 56 58
8 01 04 06 08 10 13 16 18 20 22 25 28 30 32 34 37 40 42 45 48 52 55 59
9 03 05 08 12 14 17 20 24 26 30 32 36 38 42 44 48 50 54 56
10 00 02 06 08 12 14 18 24 30 36 42 48 54
11 00 06 12 18 24 30 36 42 48 54
12 00 06 12 18 24 30 36 42 48 54
13 00 06 12 18 24 30 36 42 48 54
14 00 06 12 18 24 30 36 42 48 54
15 00 06 12 18 24 30 36 40 46 48 51 53 55 58
16 00 02 05 07 09 12 14 16 19 21 23 26 28 30 33 35 37 40 43 46 49 51 54 56 58
17 00 02 05 08 10 12 15 17 19 21 24 26 28 30 33 36 39 41 43 45 47 50 52 54 57 59
18 01 04 06 08 11 13 15 18 20 22 25 27 29 32 34 36 39 41 43 46 48 50 53 55 57
19 01 04 07 10 14 17 21 24 28 31 35 38 42 45 49 52 56 59
20 03 06 10 13 17 20 24 27 31 34 38 41 45 47 52 56 59
21 03 06 10 13 16 20 23 27 30 34 37 41 44 48 51 55
22 02 09 17 25 33 41 51 57
23 04 11 18 25 33

[weekday_reverse]
5 09 18 28 36 42 50 58
6 06 14 18 28 32 37 40 43 47 49 54 58
7 01 04 06 10 14 18 20 22 27 30 32 34 38 40 44 49 52 56
8 00 02 04 08 10 12 18 20 23 27 29 32 35 39 43 46 51 54 56
9 00 05 10 14 19 24 29 32 36 41 44 48 53 56
10 00 05 08 13 19 25 31 37 43 49 55
11 01 07 13 19 25 31 37 43 49 55
12 01 07 13 19 25 31 37 43 49 55
13 01 07 13 19 25 31 37 43 49 55
14 01 07 13 21 25 32 39 46 53 56
15 00 07 14 21 28 34 37 41 48 56
16 02 10 13 17 24 31 38 45 48 55 59
17 06 12 16 19 21 23 26 28 30 33 35 37 40 42 44 47 49 51 54 56 58
18 01 05 08 10 14 17 19 24 28 34 38 45 49 52 56 59
19 03 06 10 14 17 20 23 25 30 33 36 40 43 47 51 53 57
20 01 05 07 12 14 18 22 25 29 32 36 39 45 51 57
21 03 08 15 21 27 33 39 46 53
22 00 07 13 19 26 33 40 47 55

line_4
[weekday_forward]
4 57
5 01 04 08 13 16 20 24 27 30 33 36 39 42 46 49 53 56 59
6 02 05 08 11 13 15 18 21 23 26 28 31 33 35 37 40 42 45 48 51 54 56 58
7 00 02 04 06 08 10 12 14 16 18 20 22 24 26 28 30 32 34 36 38 40 42 44 46 48 50 52 54 56 58
8 01 04 06 08 10 13 16 18 20 22 25 28 30 32 34 37 40 42 45 48 52 55 59
9 03 05 08 12 14 17 20 24 26 30 32 36 38 42 44 48 50 54 56
10 00 02 06 08 12 14 18 24 30 36 42 48 54
11 00 06 12 18 24 30 36 42 48 54
12 00 06 12 18 24 30 36 42 48 54
13 00 06 12 18 24 30 36 42 48 54
14 00 06 12 18 24 30 36 42 48 54
15 00 06 12 18 24 30 36 40 46 48 51 53 55 58
16 00 02 05 07 09 12 14 16 19 21 23 26 28 30 33 35 37 40 43 46 49 51 54 56 58
17 00 02 05 08 10 12 15 17 19 21 24 26 28 30 33 36 39 41 43 45 47 50 52 54 57 59
18 01 04 06 08 11 13 15 18 20 22 25 27 29 32 34 36 39 41 43 46 48 50 53 55 57
19 01 04 07 10 14 17 21 24 28 31 35 38 42 45 49 52 56 59
20 03 06 10 13 17 20 24 27 31 34 38 41 45 47 52 56 59
21 03 06 10 13 16 20 23 27 30 34 37 41 44 48 51 55
22 02 09 17 25 33 41 51 57
23 04 11 18 25 33

[weekday_reverse]
5 09 18 28 36 42 50 58
6 06 14 18 28 32 37 40 43 47 49 54 58
7 01 04 06 10 14 18 20 22 27 30 32 34 38 40 44 49 52 56
8 00 02 04 08 10 12 18 20 23 27 29 32 35 39 43 46 51 54 56
9 00 05 10 14 19 24 29 32 36 41 44 48 53 56
10 00 05 08 13 19 25 31 37 43 49 55
11 01 07 13 19 25 31 37 43 49 55
12 01 07 13 19 25 31 37 43 49 55
13 01 07 13 19 25 31 37 43 49 55
14 01 07 13 21 25 32 39 46 53 56
15 00 07 14 21 28 34 37 41 48 56
16 02 10 13 17 24 31 38 45 48 55 59
17 06 12 16 19 21 23 26 28 30 33 35 37 40 42 44 47 49 51 54 56 58
18 01 05 08 10 14 17 19 24 28 34 38 45 49 52 56 59
19 03 06 10 14 17 20 23 25 30 33 36 40 43 47 51 53 57
20 01 05 07 12 14 18 22 25 29 32 36 39 45 51 57
21 03 08 15 21 27 33 39 46 53
22 00 07 13 19 26 33 40 47 55

line_5
[weekday_forward]
5 19 25 31 36 42 46 50 55 59
6 03 07 11 15 19 24 28 32 37 41 46 50 54 57
7 00 02 04 06 08 11 13 15 17 19 22 24 26 28 30 33 35 37 39 41 44 46 48 50 52 54 56 58
8 00 02 04 06 08 10 13 15 17 19 21 23 26 28 30 32 34 37 39 41 43 45 47 49 51 53 55 57 59
9 01 03 06 08 10 12 14 17 19 21 23 25 28 30 32 34 36 39 42 45 49 53 57
10 01 05 09 13 17 21 26 31 36 41 46 51 56
11 02 08 14 20 26 32 38 44 50 56
12 02 08 14 20 26 32 38 44 50 56
13 02 08 14 20 26 32 38 44 50 56
14 02 08 14 20 26 32 38 44 50 56
15 02 08 14 20 26 32 38 42 46 51 55
16 00 03 08 12 16 20 24 29 33 37 42 46 49 51 53 55 57 59
17 01 03 05 07 09 11 13 16 18 20 22 24 27 29 31 33 35 38 40 42 44 46 49 51 53 55 57 59
18 01 03 05 07 09 11 13 15 18 20 22 24 26 28 31 33 35 37 39 42 44 46 48 50 52 54 56 58
19 00 02 04 06 08 12 15 19 22 26 29 33 36 40 43 47 50 54 57
20 01 04 08 11 15 18 23 27 32 36 41 46 52 58
21 04 10 16 23 28 35 41 48 55
22 02 09 15 22 30 38 46 54
23 02 10

[weekday_reverse]
4 59
5 03 08 12 16 20 24 28 32 36 41 45 49 53 58
6 02 06 10 14 18 22 27 31 34 36 38 41 43 45 47 49 52 54 56 58
7 00 02 04 06 08 10 12 14 16 18 20 23 25 27 29 31 34 36 38 40 42 44 46 48 50 52 54 56 58
8 00 02 05 07 09 11 13 16 18 20 22 24 27 29 31 33 35 38 40 42 44 46 48 50 52 54 56 58
9 00 02 04 07 09 11 13 15 18 20 22 24 27 30 34 38 42 46 50 54 58
10 02 06 10 14 18 22 26 31 36 41 47 53 59
11 05 11 17 23 29 35 41 47 53 59
12 05 11 17 23 29 35 41 47 53 59
13 05 11 17 23 29 35 41 47 53 59
14 05 11 17 23 29 35 41 47 53 59
15 05 10 13 19 23 28 31 37 41 45 50 54 58
16 02 07 11 14 19 23 27 31 36 40 43 45 48 50 52 54 56 59
17 01 03 05 07 09 11 13 15 17 19 21 23 25 28 30 32 34 36 39 41 43 45 47 49 51 53 55 57 59
18 01 03 05 07 10 12 14 16 18 21 23 25 27 29 32 34 36 38 40 44 47 51 54 58
19 01 05 08 12 15 19 23 27 31 35 39 43 47 51 55
20 00 04 09 14 19 24 29 34 39 44 50 57
21 04 10 15 21 27 33 39 45 50 58
22 06 15 23 31 38 47

line_6
[weekday_forward]
5 06 14 22 30 37 45 52
6 00 07 15 22 30 34 37 41 45 49 52 56 59
7 02 05 08 11 14 17 20 23 26 29 32 35 38 41 44 47 50 53 56 59
8 02 05 08 10 12 15 18 20 22 24 26 29 32 34 40 45 48 50 55 59
9 03 07 09 12 15 18 21 24 26 29 32 36 39 42 45 48 51 54 57
10 00 03 06 10 13 16 19 23 26 29 35 42 48 54
11 00 07 13 20 27 34 41 48 55
12 02 09 16 23 30 37 44 51 58
13 05 12 19 26 33 40 47 54
14 01 08 15 22 29 36 43 50 57
15 04 11 18 25 32 39 46 53
16 00 04 10 14 18 22 26 30 34 37 40 43 46 49 52 55 58
17 01 04 08 11 15 18 20 22 25 29 31 33 35 37 39 42 44 46 48 50 52 55 57 59
18 01 03 05 08 10 12 14 16 18 21 23 25 27 29 31 34 36 38 40 43 46 49 52 55 58
19 01 04 07 10 13 16 19 22 25 28 31 34 37 40 44 47 50 53 56 59
20 02 05 08 11 14 17 20 23 26 29 32 35 38 41 44 48 54
21 00 06 12 18 24 30 36 42 48 54
22 00 06 12 18 24 30 36 42 48 54
23 00 06 12 18 24 30 35

[weekday_reverse]
4 51 57
5 06 14 21 27 34 37 43 47 53 59
6 06 12 18 21 24 29 33 39 41 46 49 54 56
7 01 04 09 11 14 1822 24 26 30 34 36 40 42 46 48 52 54 58
8 00 04 06 10 12 16 20 22 26 30 32 37 39 42 46 51 53 58
9 02 05 08 11 14 18 24 29 35 42 49 56
10 03 10 17 24 31 38 45 52 59
11 06 13 20 27 34 41 48 55
12 02 09 16 23 30 37 44 51 58
13 05 12 19 26 33 40 47 54
14 01 08 15 22 29 35 42 49 56
15 00 04 09 14 21 27 33 39 45 49 54
16 00 04 07 11 15 20 22 28 35 41 48 50 54 57
17 01 03 07 10 15 20 24 27 30 33 37 39 42 45 48 51 55 57
18 00 04 06 09 13 16 19 23 24 28 62 34 37 41 43 46 60 52 55 59
19 01 04 08 10 13 17 19 25 30 36 42 48 54
20 00 06 12 18 24 30 36 42 48 54
21 00 06 12 18 24 30 36 42 48 54
22 00 06 12 18 27 37 48
23 01 14 28

line_7
[weekday_forward]
5 29 39 49 59
6 08 16 24 31 37 43 51 57
7 04 10 15 18 21 24 27 30 33 36 39 42 45 48 51 54 57
8 00 03 06 09 12 15 18 21 24 27 30 33 36 39 42 45 48 51 54 57
9 00 03 06 09 12 15 18 22 26 32 38 44 50 56
10 03 09 16 22 28 35 42 49 56
11 04 11 18 25 32 39 46 53
12 00 07 14 21 29 36 43 50 57
13 04 11 18 25 32 39 46 57
14 01 08 15 22 29 36 43 50 57
15 04 11 19 26 33 40 47 54
16 01 08 15 22 28 34 40 46 52 58
17 04 10 16 22 27 30 33 36 39 42 45 48 51 54 57
18 00 03 06 09 12 15 18 21 24 27 30 33 36 39 42 45 48 51 54 57
19 00 03 07 12 19 26 33 40 47 54
20 01 08 15 23 31 39 47 55
21 04 13 22 31 40 49 59
22 09 19 29 39 49 59
23 06 14

[weekday_reverse]
5 09 17 25 33 40 47 54  
6 00 07 13 20 24 30 36 42 48 54    
7 00 06 12 18 24 30 36 42 48 54
8 00 06 13 19 25 31 37 43 49 55
9 02 08 14 21 28 36 43 50 57
10 04 11 18 25 32 39 46 53 
11 01 08 15 22 29 36 43 50 57
12 04 11 18 26 33 40 47 54 
13 01 08 15 22 29 36 43 51 58
14 05 12 19 26 33 40 47 54 
15 01 08 14 20 26 32 38 44 50 56
16 02 08 14 19 25 31 37 43 49 55
17 01 07 13 19 25 31 37 43 49 55
18 02 08 15 22 28 36 44 52 
19 00 08 16 24 32 40 44 48 57
20 02 06 15 24 33 42 51  
21 00 09 19 29 39 49 59  
22 09 19 29 39 49 59   

line_8
[weekday_forward]
5 09 16 23 30 37 44 51 58
6 05 12 19 24 29 33 36 41 46 49 54 59
7 01 06 11 16 21 26 29 34 36 39 43 47 51 55 59
8 03 07 09 11 16 20 23 26 30 33 36 40 43 46 50 54 57
9 00 04 07 11 16 21 26 31 37 45 53 59
10 07 14 22 29 37 44 52
11 00 08 14 22 30 38 44 52
12 00 08 14 22 29 36 44 52
13 00 08 14 22 30 38 44 52
14 00 08 14 22 30 38 44 52 59
15 05 10 15 20 25 30 35 39 44 49 53 58
16 01 05 09 13 17 21 25 29 33 38 41 45 49 53 57
17 01 05 09 13 17 21 25 29 33 37 41 45 49 53 58
18 01 05 09 13 18 21 25 28 33 37 41 45 49 53
19 00 04 10 16 23 28 35 40 46 53 58
20 05 10 16 22 28 35 40 46 52 58
21 05 10 16 22 28 34 40 46 52 58
22 04 10 16 23 31 40

[weekday_reverse]
4 29 59
5 04 06 14 22 29 35 41 45 49 53 56
6 01 05 08 11 15 18 22 26 30 33 37 40 44 47 51 54 58
7 01 05 08 12 15 19 22 26 29 33 36 40 43 47 50 54 57
8 01 04 08 15 18 22 25 29 32 35 39 43 46 50 53 57
9 00 04 08 12 16 20 24 28 32 36 40 45 50 55
10 00 05 10 15 20 25 32 40 47 55
11 02 10 17 25 32 40 47 55
12 02 10 17 25 32 40 47 55
13 02 10 17 25 32 40 47 55
14 02 10 17 25 32 40 47 55
15 02 10 17 25 32 40 47 52 57
16 02 06 10 14 18 22 26 30 33 36 39 42 45 48 51 54 57
17 00 03 06 09 12 15 18 21 24 27 30 33 35 38 40 43 45 48 50 53 55
18 00 03 06 09 12 15 18 21 24 26 30 33 36 39 42 45 48 51 55 59
19 04 08 11 16 20 25 30 35 42 48 54
20 00 05 12 18 24 30 36 42 48 54 59
21 06 12 18 24 30 36 42 48 56
22 05 14 23 32 41 51
23 01

line_9
[weekday_forward]
4 59
5 07 14 20 26 31 36 40 44 49 54 58
6 03 07 12 16 21 24 28 31 34 36 38 40 43 45 47 50 52 54 56 59
7 01 03 05 08 10 12 14 17 19 21 24 26 28 30 33 35 37 39 42 44 46 48 51 53 54 58
8 00 02 04 07 09 10 13 16 18 20 22 25 26 29 323 4 36 38 41 42 45 47 50 51 56 58
9 01 03 06 09 12 15 19 22 25 28 31 34 38 42 46 51 55
10 00 04 09 13 18 22 27 32 38 44 50 56
11 02 08 14 20 26 32 38 44 50 56
12 02 08 14 20 26 32 38 44 50 56
13 02 08 14 20 26 32 38 44 50 56
14 02 08 14 20 26 32 38 43 47 51 55 59
15 03 08 13 18 23 28 33 38 43 48 53 57 59
16 02 04 07 09 12 14 17 19 22 24 27 29 32 34 37 39 42 44 47 49 52 54 57 59
17 02 04 07 09 12 14 17 19 22 24 27 29 32 34 37 39 42 44 47 49 52 54 57 59
18 02 04 07 09 12 14 17 19 22 24 27 29 32 34 37 39 43 47 50 53 57
19 00 03 07 11 15 20 25 30 35 40 45 50 55
20 00 05 10 15 20 28 34 40 47 53 59
21 04 10 16 22 28 34 40 46 52 58
22 04 10 16 23 31 39

[weekday_reverse]
5 38 45 51 57
6 02 07 12 16 21 25 30 34 39 43 48 53 57
7 02 04 06 08 11 13 15 17 20 22 24 27 29 31 33 36 38 40 42 45 47 49 51 54 56 58
8 01 03 05 07 10 12 14 16 19 21 23 25 28 30 32 35 37 39 41 44 46 48 50 53 55 57 59
9 02 04 06 09 11 13 15 18 20 22 24 27 29 31 33 36 38 40 44 47 50 53 57
10 00 04 08 12 16 20 24 28 32 36 39 44 48 53 58
11 02 08 14 20 26 32 38 44 50 56
12 02 08 14 20 26 32 38 44 50 55
13 02 08 14 20 26 32 38 43 50 56
14 02 08 14 20 26 32 38 44 50 56
15 02 08 14 20 24 28 32 36 40 45 50 55
16 00 05 10 15 20 25 29 32 34 37 39 42 44 47 49 52 54 57 59
17 02 04 07 09 12 14 17 19 22 24 27 29 32 34 37 39 42 44 47 49 52 54 57 59
18 02 04 07 09 12 14 17 19 22 24 27 29 32 34 37 39 42 44 47 49 52 54 57 59
19 02 04 07 09 12 14 18 22 25 28 32 35 38 42 47 51 55
20 00 05 10 15 20 25 31 35 40 47 52 58
21 04 10 17 22 28 34 40 46 52 58
22 04 10 16 22 28 34 40 47 54
23 02 10 18

line_10
[weekday_forward]
4 49 55
5 01 07 13 19 25 29 33 37 41 45 49 53 57
6 01 05 09 13 17 21 25 29 33 35 37 39 41 43 45 47 49 51 53 55 57 59
7 01 03 05 07 09 11 13 15 17 19 21 23 25 27 29 31 33 35 37 39 41 43 45 47 49 51 53 55 57 59
8 01 03 05 07 09 11 13 15 17 19 21 23 25 27 29 31 33 35 37 39 41 43 45 47 49 51 53 55 57 59
9 01 03 05 07 09 11 13 15 17 19 21 23 25 27 29 31 33 35 37 39 41 43 45 47 49 51 53 55 57 59
10 01 03 05 07 09 11 13 15 17 19 21 23 25 29 31 36 37 42 43 48 50 54 56
11 00 02 06 08 12 14 19 25 31 37 43 49 55
12 01 08 14 20 26 32 38 44 51 57
13 03 09 15 21 27 33 40 46 52 58
14 04 10 16 23 29 35 41 47 53 56 59
15 05 12 14 18 24 30 33 36 42 48 51 55
16 01 07 10 13 19 25 28 31 35 37 40 43 45 48 49 52 59 54 57
17 01 03 06 08 10 12 15 17 19 21 24 26 28 30 33 35 37 39 42 44 47 49 51 53 56 58
18 00 02 05 07 09 11 14 16 18 21 23 25 27 30 32 34 36 39 41 43 45 48 50 52 55 57 59
19 01 04 06 08 10 13 15 17 19 22 24 26 29 31 33 35 38 40 42 44 47 49 51 53 56 58
20 00 03 05 07 09 12 14 16 18 23 27 32 37 41 46 50 55 59
21 04 08 13 17 22 27 32 37 41 45 50 54 58
22 03 09 13 18 24 28 34 39 43 48 52 58
23 02 07 12 17 22 27 35 42 49 57
00 04 12 19

[weekday_reverse]
4 35 40 45 51 55
5 00 04 09 13 18 22 27 31 36 40 45 50 54 59
6 03 08 12 17 19 23 26 28 30 32 35 37 39 42 44 46 48 51 53 55 57
7 00 02 04 06 09 11 13 16 18 20 22 25 27 29 31 34 36 38 40 43 45 47 50 52 54 56 59
8 01 03 05 08 10 12 14 17 19 21 24 26 28 30 33 35 37 39 42 44 46 48 51 53 55 58
9 00 02 040 7 09 11 13 16 18 20 22 25 27 29 32 34 36 38 41 43 45 47 50 52 54 56 59
10 03 08 12 19 25 28 32 38 41 45 51 55 58
11 04 11 14 17 24 27 30 37 40 43 50 53 56
12 03 09 16 22 29 35 42 48 55
13 01 08 14 21 27 34 40 47 53
14 00 06 13 19 26 32 39 45 52 58
15 05 11 18 24 31 37 44 50 57
16 01 05 09 11 15 17 21 25 29 31 33 35 37 39 41 43 45 47 49 51 53 55 57 59
17 01 03 05 07 09 11 13 15 17 19 21 23 25 27 29 31 33 35 37 39 41 43 45 47 49 51 53 55 57 59
18 01 03 05 07 09 11 13 15 17 19 21 23 25 27 29 31 33 35 37 39 41 43 45 47 49 51 53 55 57 59
19 01 03 05 07 09 11 13 15 17 19 21 23 25 27 29 31 33 35 37 39 41 43 45 47 49 51 53 55 57 59
20 01 03 05 07 11 15 19 23 27 33 36 39 45 48 51 57
21 00 03 09 12 15 21 24 27 33 36 38 45 48 51 57
22 00 03 09 15 21 24 29 35 40 47 53 59
23 05 11 17 23 29 35 41 47 53 59
00 95 13

line_11
[weekday_forward] 
6 10 18 27 35 44 52
7 01 09 18 26 35 43 52
8 00 09 17 26 34 43 51 
9 00 08 17 25 34 42 51 59
10 08 16 25 33 42 50 59 
11 07 16 24 33 41 50 58 
12 07 15 24 32 41 49 58
13 06 15 23 32 40 49 57 
14 06 14 23 31 40 48 57
15 05 14 22 31 39 48 56 
16 05 13 22 30 39 47 56 
17 04 13 21 30 38 47 55
18 04 12 21 29 38 46 55
19 03 12 20 29 37 46 54 
20 03 11 20 28 37 45 54 
21 02 11 19 28 36 45 53
22 02 10 

[weekday_reverse]
5 58
6 05 14 23 32 40 49 57
7 06 14 23 31 40 48 57
8 05 14 22 31 39 48 56
9 05 13 22 30 39 47 56
10 04 13 21 30 38 47 55
11 04 12 21 29 38 46 55
12 03 12 20 29 37 46 54
13 03 11 20 28 37 45 54
14 02 11 19 28 36 45 53
15 02 10 19 27 36 44 53
16 01 10 18 27 35 44 52
17 01 09 18 26 35 43 52
18 00 09 17 26 34 43 51
19 00 08 17 25 34 42 51 59
20 08 16 25 33 42 50 59
21 07 16 24 33 41 50 58

line_12
[weekday_forward]
4 57
5 01 04 08 13 16 20 24 27 30 33 36 39 42 46 49 53 56 59
6 02 05 08 11 13 15 18 21 23 26 28 31 33 35 37 40 42 45 48 51 54 56 58
7 00 02 04 06 08 10 12 14 16 18 20 22 24 26 28 30 32 34 36 38 40 42 44 46 48 50 52 54 56 58
8 01 04 06 08 10 13 16 18 20 22 25 28 30 32 34 37 40 42 45 48 52 55 59
9 03 05 08 12 14 17 20 24 26 30 32 36 38 42 44 48 50 54 56
10 00 02 06 08 12 14 18 24 30 36 42 48 54
11 00 06 12 18 24 30 36 42 48 54
12 00 06 12 18 24 30 36 42 48 54
13 00 06 12 18 24 30 36 42 48 54
14 00 06 12 18 24 30 36 42 48 54
15 00 06 12 18 24 30 36 40 46 48 51 53 55 58
16 00 02 05 07 09 12 14 16 19 21 23 26 28 30 33 35 37 40 43 46 49 51 54 56 58
17 00 02 05 08 10 12 15 17 19 21 24 26 28 30 33 36 39 41 43 45 47 50 52 54 57 59
18 01 04 06 08 11 13 15 18 20 22 25 27 29 32 34 36 39 41 43 46 48 50 53 55 57
19 01 04 07 10 14 17 21 24 28 31 35 38 42 45 49 52 56 59
20 03 06 10 13 17 20 24 27 31 34 38 41 45 47 52 56 59
21 03 06 10 13 16 20 23 27 30 34 37 41 44 48 51 55
22 02 09 17 25 33 41 51 57
23 04 11 18 25 33

[weekday_reverse]
5 09 18 28 36 42 50 58
6 06 14 18 28 32 37 40 43 47 49 54 58
7 01 04 06 10 14 18 20 22 27 30 32 34 38 40 44 49 52 56
8 00 02 04 08 10 12 18 20 23 27 29 32 35 39 43 46 51 54 56
9 00 05 10 14 19 24 29 32 36 41 44 48 53 56
10 00 05 08 13 19 25 31 37 43 49 55
11 01 07 13 19 25 31 37 43 49 55
12 01 07 13 19 25 31 37 43 49 55
13 01 07 13 19 25 31 37 43 49 55
14 01 07 13 21 25 32 39 46 53 56
15 00 07 14 21 28 34 37 41 48 56
16 02 10 13 17 24 31 38 45 48 55 59
17 06 12 16 19 21 23 26 28 30 33 35 37 40 42 44 47 49 51 54 56 58
18 01 05 08 10 14 17 19 24 28 34 38 45 49 52 56 59
19 03 06 10 14 17 20 23 25 30 33 36 40 43 47 51 53 57
20 01 05 07 12 14 18 22 25 29 32 36 39 45 51 57
21 03 08 15 21 27 33 39 46 53
22 00 07 13 19 26 33 40 47 55

line_13
[weekday_forward]
5 34 41 49 56
6 02 08 14 20 27 33 40 44 48 52 56 59
7 02 04 07 10 13 15 18 21 24 26 29 32 35 37 40 43 46 48 51 54 57 59
8 02 05 08 10 13 16 18 21 23 26 28 31 33 36 38 41 43 46 48 51 53 56 58
9 01 03 06 09 12 14 17 20 23 25 28 31 34 36 39 42 45 47 50 53 56 58
10 01 04 07 09 12 15 20 25 30 36 41 47 52 58
11 04 11 17 24 30 37 43 50 56
12 03 09 16 22 29 35 42 48 55
13 01 08 14 21 27 34 40 47 53
14 00 06 13 19 26 32 39 45 52 58
15 05 11 18 24 31 37 44 50 57
16 03 10 16 23 29 34 39 43 47 51 55 59
17 02 04 07 10 13 15 18 21 24 26 29 32 35 37 40 43 46 48 51 54 57 59
18 02 05 07 10 13 15 18 21 23 26 29 31 34 37 39 42 45 47 50 53 55 58
19 01 03 06 09 12 14 17 20 23 25 28 31 34 36 39 42 45 49 54 58
20 02 06 10 14 18 22 26 30 34 38 42 46 50 54 57
21 00 06 12 18 24 30 36 42 48 54
22 00 06 12 18 25 33 41 49 57
23 05 14 23 33 43 54

[weekday_reverse]
5 34 42 50 58
6 04 09 15 20 25 31 37 41 45 49 53 58
7 01 06 10 15 19 22 27 32 36 40 44 47 51 55 57
8 00 03 05 08 11 14 16 19 22 25 27 30 33 36 38 41 44 47 49 52 55 58
9 00 03 06 09 11 14 17 20 22 25 28 30 33 36 38 41 44 47 50 53 55 58
10 04 11 17 24 30 33 37 43 50 56
11 03 06 09 16 19 22 29 35 42 48 51 55
12 01 08 14 21 27 34 40 47 53
13 00 06 13 19 26 32 39 45 52 58
14 05 11 18 24 31 37 44 50 57
15 03 10 16 23 29 35 41 45 49 53 59
16 04 09 15 20 26 31 36 42 48 53 59
17 04 08 12 16 20 24 28 32 36 41 44 48 52 56
18 00 03 06 08 11 14 17 19 22 25 28 30 33 36 39 41 44 47 50 52 55 58
19 01 03 06 09 11 14 17 19 22 25 27 30 33 35 38 41 43 46 49 51 54 57 59
20 05 11 17 23 29 32 35 41 47 53 56 59
21 05 08 11 17 20 24 28 32 40 48 55
22 00 04 12 21 31 41 49 54
23 04 14 24 34 39 44

line_14
[weekday_forward]
4 57
5 01 04 08 13 16 20 24 27 30 33 36 39 42 46 49 53 56 59
6 02 05 08 11 13 15 18 21 23 26 28 31 33 35 37 40 42 45 48 51 54 56 58
7 00 02 04 06 08 10 12 14 16 18 20 22 24 26 28 30 32 34 36 38 40 42 44 46 48 50 52 54 56 58
8 01 04 06 08 10 13 16 18 20 22 25 28 30 32 34 37 40 42 45 48 52 55 59
9 03 05 08 12 14 17 20 24 26 30 32 36 38 42 44 48 50 54 56
10 00 02 06 08 12 14 18 24 30 36 42 48 54
11 00 06 12 18 24 30 36 42 48 54
12 00 06 12 18 24 30 36 42 48 54
13 00 06 12 18 24 30 36 42 48 54
14 00 06 12 18 24 30 36 42 48 54
15 00 06 12 18 24 30 36 40 46 48 51 53 55 58
16 00 02 05 07 09 12 14 16 19 21 23 26 28 30 33 35 37 40 43 46 49 51 54 56 58
17 00 02 05 08 10 12 15 17 19 21 24 26 28 30 33 36 39 41 43 45 47 50 52 54 57 59
18 01 04 06 08 11 13 15 18 20 22 25 27 29 32 34 36 39 41 43 46 48 50 53 55 57
19 01 04 07 10 14 17 21 24 28 31 35 38 42 45 49 52 56 59
20 03 06 10 13 17 20 24 27 31 34 38 41 45 47 52 56 59
21 03 06 10 13 16 20 23 27 30 34 37 41 44 48 51 55
22 02 09 17 25 33 41 51 57
23 04 11 18 25 33

[weekday_reverse]
5 09 18 28 36 42 50 58
6 06 14 18 28 32 37 40 43 47 49 54 58
7 01 04 06 10 14 18 20 22 27 30 32 34 38 40 44 49 52 56
8 00 02 04 08 10 12 18 20 23 27 29 32 35 39 43 46 51 54 56
9 00 05 10 14 19 24 29 32 36 41 44 48 53 56
10 00 05 08 13 19 25 31 37 43 49 55
11 01 07 13 19 25 31 37 43 49 55
12 01 07 13 19 25 31 37 43 49 55
13 01 07 13 19 25 31 37 43 49 55
14 01 07 13 21 25 32 39 46 53 56
15 00 07 14 21 28 34 37 41 48 56
16 02 10 13 17 24 31 38 45 48 55 59
17 06 12 16 19 21 23 26 28 30 33 35 37 40 42 44 47 49 51 54 56 58
18 01 05 08 10 14 17 19 24 28 34 38 45 49 52 56 59
19 03 06 10 14 17 20 23 25 30 33 36 40 43 47 51 53 57
20 01 05 07 12 14 18 22 25 29 32 36 39 45 51 57
21 03 08 15 21 27 33 39 46 53
22 00 07 13 19 26 33 40 47 55

line_15
[weekday_forward]
5 12 22 29 36 43 50 57
6 03 07 14 18 22 25 29 32 35 39 41 45 49 52 55 59          
7 01 05 09 11 15 17 21 23 27 29 33 35 39 44 48 52 57 
8 01 05 11 14 18 24 28 31 37 41 45 51 54 58  
9 04 07 11 17 21 25 30 35 40 46 52 59   
10 05 12 19 27 35 43 51 59      
11 07 15 23 31 39 47 55       
12 03 11 19 27 35 43 51 59      
13 07 15 23 31 39 47 55       
14 03 11 19 27 35 43 51 59      
15 07 15 23 31 39 49 57       
16 04 11 14 18 25 32 38 45 52 59    
17 06 13 19 26 33 40 47 54 57    
18 00 04 07 11 14 17 21 24 28 31 35 38 41 45 48 52 55 58 
19 02 05 09 12 16 19 22 27 30 36 42 48 54  
20 00 06 12 18 24 30 36 41 44 49 52 56   
21 03 10 14 18 23 28 39 44 49 59    
22 10 18 26 34 42 50 58     
23 07 17

[weekday_reverse]
5 29 35 41 49 56 
6 03 10 17 24 30 36 42 49 53 59 
7 06 12 19 25 32 39 45 52 59  
8 05 12 18 25 31 34 39 45 52 58 
9 05 12 18 25 31 38 45 51 58  
10 05 12 20 24 28 36 44 48 52  
11 00 08 16 20 24 32 40 48 56  
12 04 12 20 28 36 44 52    
13 00 08 16 24 32 40 48 56   
14 04 12 20 28 36 44 52    
15 00 08 16 22 29 36 43 50 57  
16 03 10 17 24 31 38 44 51 58  
17 05 12 18 25 32 39 46 53 59  
18 06 13 20 27 34 40 47 54   
19 01 08 15 21 28 35 42 50 57  
20 03 09 15 20 25 31 37 43 49 55 
21 01 07 13 19 25 31 37 43 49 55 
22 01 08 17 27 37 46 55    
23 04 14 

line_ShouDuJiChang
[weekday_forward]
5 56 57 
6 09 23 35 46 57
7 08 17 28 39 50 
8 01 1212334 45 56
9 07 18 29 40 51 
10 02 13 24 35 46 57  
11 08 19 30 41 52 
12 03 14 25 36 47 58
13 09 20 31 42 53 
14 04 15 26 37 48 59
15 10 21 32 43 54 
16 05 16 27 38 49 
17 00 11 22 33 44 55
18 06 17 28 39 50 
19 01 12 23 34 45 56
20 07 18 29 40 51 
21 02 13 25 37 49 
22 01 13 26  

[weekday_reverse]
6 36 47 58
7 10 21 32 43 53
8 04 15 26 37 48 59
9 10 21 32 43 54
10 05 16 27 38 49
11 00 11 22 33 44 55
12 06 17 28 39 50
13 01 12 23 34 45 56
14 07 18 29 40 51
15 02 13 24 35 46 57
16 08 19 30 41 52
17 03 14 25 36 47 58
18 09 20 31 42 53
19 04 15 26 37 48 59
20 10 21 32 43 54
21 05 16 27 38 51
22 04 17 30 43 56
23 10

line_ChangPing
[weekday_forward]
4 59
5 05 11 16 20 25 29 33 36 41 46 50 55 58
6 03 07 12 17 22 26 31 36 39 44 46 50 54 59
7 01 06 09 11 17 19 24 29 36 39 44 47 51 54 59
8 06 09 14 17 22 29 36 44 51 59
9 06 14 22 30 39 47 54
10 02 11 19 27 37 47 57
11 07 17 27 37 47 57
12 07 17 27 37 47 57
13 07 17 27 37 47 57
14 07 17 27 37 47 57
15 07 17 27 34 44 49 53 58
16 02 06 11 18 22 26 33 38 43 48 53 58
17 03 08 13 18 23 25 30 38 45 50 53
18 00 08 15 23 30 38 45 53
19 00 08 15 23 30 38 45 53
20 00 08 16 23 31 39 47 52
21 00 07 14 21 28 38 46 56
22 05 15 23 32 41 50 58
23 07 16 25 35

[weekday_reverse]
5 22 32 42 50 58      
6 06 13 18 21 26 30 33 36 39 42 45 48 51 54 57
7 00 03 06 09 12 15 18 21 24 27 30 32 35 37 40 42 45 47 50 52 55 57
8 00 02 05 07 10 12 15 17 19 22 24 26 28 31 33 35 37 40 42 45 47 49 52 54 56 58 
9 01 03 05 07 10 12 15 17 19 22 24 26 28 31 33 35 37 40 42 45 47 50 52 55 57 
10 00 02 05 07 10 13 16 19 24 27 33 38 43 51 59                
11 07 16 25 33 43 53                      
12 03 13 23 33 43 53                      
13 03 13 23 33 43 53                      
14 03 13 23 33 43 53                      
15 03 13 23 33 43 52                      
16 03 13 23 33 41 47 51 55 59                   
17 03 07 11 15 19 23 27 30 33 35 38 43 50 53 55 58     
18 00 03 05 08 10 13 15 18 20 23 25 28 30 33 35 38 40 43 45 48 50 53 55 58
19 00 03 05 08 10 13 15 18 20 23 25 28 30 33 35 38 40 43 45 48 50 53 55 58
20 00 03 05 08 10 13 15 18 20 23 25 28 30 33 35 38 40 43 45 48 50 53 55 58
21 00 03 05 08 11 13 17 20 24 28 32 36 41 44 50 56           
22 04 12 19 26 35 44 54
23 04 14 22 

line_YiZhuang
[weekday_forward]
5 59
6 06 12 18 24 30 36 42 48 54
7 00 03 06 09 13 16 19 22 25 28 32 35 38 41 44 47 51 54 57
8 00 03 06 10 13 16 19 22 25 29 32 35 38 41 44 48 51 57
9 00 07 11 15 19 23 31 37 44 51 58
10 05 15 25 35 45 55
11 05 15 25 35 45 55
12 05 15 25 35 45 55
13 05 15 25 35 45 55
14 05 15 25 35 45 55
15 05 15 25 35 45 55
16 05 15 25 34 42 48 54 59
17 04 09 14 19 24 29 34 39 43 47 50 53 56
18 00 03 06 09 12 15 19 22 25 28 31 34 38 41 44 47 50 53 57
19 00 03 06 09 12 16 19 22 25 31 36 40 46 52 58
20 05 14 23 32 41 51
21 01 11 21 31 41 51
22 02 13 24 35 46 57
23 09 19

[weekday_reverse]
5 19 27 34 40 46 52 58
6 04 10 16 21 26 30 35 40 45 48 54 57
7 01 04 07 10 13 16 23 29 35 42 48 54
8 01 07 13 20 26 32 40 44 48 54
9 01 07 13 20 26 33 39 47 57
10 07 17 27 37 47 57
11 07 17 27 37 47 57
12 07 17 27 37 47 57
13 07 17 27 37 47 57
14 07 17 27 37 47 57
15 07 17 27 37 47 57
16 05 11 17 21 28 31 38 41 48 51 58
17 01 08 13 18 22 28 32 35 38 41 44 48 51 54 57
18 03 10 16 22 29 35 41 48 54 59
19 04 10 16 21 27 33 38 44 50 56
20 03 13 23 33 43 53
21 03 13 23 33 44 55
22 06 17 28 39

line_FangShan
[weekday_forward]
5 47 55
6 02 09 16 23 29 34 40 45 50 56
7 00 04 08 10 12 14 16 18 20 22 24 26 28 30 32 34 36 38 40 48 56
8 00 02 04 08 10 12 16 18 20 24 26 28 32 34 36 40 42 44 48
9 02 06 10 14 17 21 26 31 36 41 46 52 58
10 05 12 19 26 33 41 49 59
11 09 18 28 38 48 58
12 08 17 27 36 46 56
13 06 16 26 35 45 54
14 04 14 24 34 44 53
15 03 12 22 32 41 49 56
16 01 06 12 17 23 29 34 39 45 50 56
17 01 07 12 18 23 29 34 40 45 51 56
18 02 07 12 14 18 23 25 29 34 36 40 45 47 51 56 58
19 02 07 09 14 19 24 30 35 40 46 52 57
20 03 08 14 19 25 30 36 41 47 52 57
21 04 11 18 25 32 39 46 53
22 00 07 14 22 29 37 47 56
23 05 14

[weekday_reverse]
5 02 11 17 25 31 37 43 49 55
6 00 05 10 15 19 22 26 30 34 38 42 46 50 54 58
7 02 06 10 14 18 22 26 30 34 38 42 46 50 54 58
8 02 06 10 15 18 22 25 30 34 39 45 52 57
9 03 09 16 23 29 36 44 51
10 01 11 20 30 41 50 59
11 09 19 29 38 48 58
12 08 17 27 37 47 56
13 06 16 26 35 45 55
14 05 14 24 34 44 53
15 01 07 12 17 22 28 33 39 44 50 55
16 01 06 12 17 23 28 34 39 45 50 56
17 01 07 12 18 23 29 34 40 45 51 56
18 02 07 10 13 16 18 21 24 27 29 35 38 40 43 46 49 51 54
19 02 08 13 19 24 30 35 41 47 52 57
20 03 08 14 20 27 34 41 47 55
21 02 09 16 23 29 37 44 51
22 01 10 19

line_S1
[weekday_forward]
5 51
6 01 10 19 28 36 44 51 57
7 02 07 12 18 23 28 33 38 43 49 54 59
8 04 09 14 20 25 30 35 40 45 51 56
9 01 06 12 18 26 36 46 56
10 06 16 26 36 46 56
11 06 16 26 36 46 56
12 06 16 26 36 46 56
13 06 16 26 36 46 56
14 06 16 26 36 46 56
15 06 16 26 36 46 56
16 06 16 26 36 44 52 59
17 06 13 19 25 31 37 43 49 55
18 01 07 13 19 25 31 37 43 49 55
19 01 07 13 19 25 31 37 43 49 55
20 01 08 15 23 32 42 52
21 02 12 22 32 42 52
22 02 12 22 32 42 52
23 02 12 22 32

[weekday_reverse]
5 24 34 44 54
6 03 11 19 27 34 39 44 48 54
7 00 04 10 15 20 25 31 36 41 46 51 56
8 02 07 12 17 22 27 33 38 43 49 55
9 01 11 21 31 41 51
10 01 11 21 31 41 51
11 01 11 21 31 41 51
12 01 11 21 31 41 51
13 01 11 21 31 41 51
14 01 11 21 31 41 51
15 01 11 21 31 41 51
16 01 11 19 26 34 41 46 55
17 01 07 12 19 25 31 37 43 49 55
18 01 07 13 19 25 31 37 43 49 55
19 01 07 13 19 25 31 37 44 51 59
20 07 17 27 37 47 57
21 07 17 27 37 47 57
22 07 17 27 37 47 57
23 06

